4.638499378477728419e-02
6.049455923010839398e-02
6.215239572099626186e-02
5.595569353283195990e-02
7.893556265183127030e-02
9.868067775998304314e-02
8.762425979120457009e-02
9.021435123335223849e-02
9.245405208686470477e-02
7.875633151695284051e-02
7.636264114489232924e-02
6.074904178161346507e-02
4.443624575632041523e-02
5.049370583043427674e-02
5.535347095698947562e-02
4.603674089077788162e-02
4.454337380376845873e-02
4.825833869206229421e-02
4.535502346731590945e-02
3.804558405202542598e-02
3.535325618971871947e-02
3.698351839617722292e-02
3.525682048384896905e-02
3.671216292655602592e-02
4.329918905394875700e-02
4.695288961546657813e-02
4.375472078660870567e-02
3.664170102513602395e-02
3.486682272550761796e-02
4.065635540768884615e-02
4.115750023891679571e-02
4.908528958809928178e-02
5.948017829530772432e-02
5.960947813980282256e-02
6.008610631990390222e-02
5.579087458819578099e-02
5.048940780117926880e-02
5.391681010028356869e-02
6.231951006796274117e-02
6.896465311831626033e-02
7.886161957596884986e-02
7.668944292441259858e-02
8.419593536111430465e-02
9.698148542792489613e-02
9.322999067923823380e-02
8.120923247842874726e-02
7.557527728053316241e-02
6.783185331976579469e-02
6.415400585710764880e-02
5.635441520798954718e-02
3.869313365903185448e-02
3.458448651888846453e-02
3.897397311623489180e-02
3.451752409700634128e-02
2.455956616493324557e-02
2.541059215735877799e-02
3.611677733887347364e-02
3.902942953643456087e-02
3.806633335276651126e-02
4.336673833246617454e-02
4.416005554553643214e-02
4.281319461061013770e-02
4.778976041146522358e-02
4.145504064194063115e-02
4.034692461900386135e-02
5.107768794644567539e-02
5.198406270436950471e-02
5.485813765780780255e-02
5.318430301862574899e-02
5.000231429965892177e-02
4.480581043481204201e-02
4.409870771794707073e-02
