1.985268274731498694e+00
1.886212534381889849e+00
1.772643833789585344e+00
1.722468838929156254e+00
1.720941564483352115e+00
1.683018087931942963e+00
1.607170977721709137e+00
1.550406493808201835e+00
1.508691558034420899e+00
1.477361893844440832e+00
1.463684134700715900e+00
1.437133334546782271e+00
1.439022573447112485e+00
1.387654367183128290e+00
1.401101222715023908e+00
1.432104641699623038e+00
1.344592478835191951e+00
1.270504859111169615e+00
1.240272186124017573e+00
1.214334225644987164e+00
1.210031848508721142e+00
1.233799288416544515e+00
1.245329636165887877e+00
1.203165848970629392e+00
1.174972477363235734e+00
1.093619221684794862e+00
1.078715441772231332e+00
1.103153094392847144e+00
1.062404285982201602e+00
9.375957140177987315e-01
