nan
1.290339924432330587e+00
1.721819574152422483e+00
1.736622785127190483e+00
1.497127623358787796e+00
1.449221162039952437e+00
1.430378981225016499e+00
1.476524461623517359e+00
1.516901769852840420e+00
1.428488670968634855e+00
1.401404195115650397e+00
1.350972679546779798e+00
1.338557166980354873e+00
1.300005064944025124e+00
1.269501294026831983e+00
1.220400146250918194e+00
1.199625587323335907e+00
1.195148871905120647e+00
1.227492729206773658e+00
1.228037105873923229e+00
1.184300978488612932e+00
1.170406359844421873e+00
1.167352621169269744e+00
1.146269679145982989e+00
1.134090442361521012e+00
1.137118807140767629e+00
1.104772470795962080e+00
1.093115659565716768e+00
1.017780412668939816e+00
9.822195873310602954e-01
