nan
1.234262048447680016e+01
3.703292430709812777e+01
3.627038050559987425e+01
3.163230415194642120e+01
2.712131505801215425e+01
2.533213261630179858e+01
2.712258552638747133e+01
2.826806348922119483e+01
2.713036762345764075e+01
2.548165860671328176e+01
2.546655890861057969e+01
2.661085778617593789e+01
2.781714663806706866e+01
2.888593726120318195e+01
3.176784320076560775e+01
3.609947253979882476e+01
3.953581453387037214e+01
4.078569559389220700e+01
3.875806494881185671e+01
3.566379642175052567e+01
3.528940825686242988e+01
3.535812392387036596e+01
3.782007381096561005e+01
3.971181673682943369e+01
3.887488723704507976e+01
3.898021355164190282e+01
3.713347940215497545e+01
3.628812102397565553e+01
4.301306303234413519e+01
