nan
4.149973549292838015e-01
5.537692474741329196e-01
5.585302358638329911e-01
4.815041307497303080e-01
4.660965204333362144e-01
4.600365241089275359e-01
4.748777701594548151e-01
4.878638645963182530e-01
4.594285651195634257e-01
4.507176931812409970e-01
4.344979783837129572e-01
4.305049182779239203e-01
4.181058441509419854e-01
4.082952632285752337e-01
3.925034194940952292e-01
3.858219343741474128e-01
3.843821393076281567e-01
3.947845262866262472e-01
3.949596079629152934e-01
3.808932547205794994e-01
3.764244865487916258e-01
3.754423473087065699e-01
3.686616804409115211e-01
3.647446110277235976e-01
3.657185895502444439e-01
3.553154052647912731e-01
3.515663576410885671e-01
3.273371389653499941e-01
3.159001151432631604e-01
