2.885100380760607663e+01
2.746048862467508300e+01
2.623555272120387372e+01
2.538879945044197228e+01
2.484155331080203055e+01
2.439905412896102632e+01
2.388037758389794263e+01
2.355595369033759212e+01
2.371849782699753106e+01
2.417285543840313267e+01
2.481849638816957082e+01
2.562832821368990466e+01
2.638950877156733554e+01
2.704599184708087378e+01
2.773125998990710528e+01
2.857549318495589930e+01
2.943714514542704563e+01
3.027937823235025760e+01
3.105330551751620405e+01
3.171740271859023608e+01
3.227995505365031192e+01
3.271516738625550857e+01
3.305459837349011565e+01
3.330566145533821754e+01
3.349519166030812301e+01
3.368508992754065190e+01
3.390078775035876646e+01
3.413230458485125496e+01
3.433145386821160372e+01
3.440783856265454688e+01
