7.861635220125785750e+00
2.358490566037735903e+01
3.930817610062892697e+01
5.503144654088050203e+01
7.075471698113207708e+01
8.647798742138364503e+01
1.022012578616352272e+02
1.179245283018867951e+02
1.336477987421383489e+02
1.493710691823899310e+02
1.650943396226414848e+02
1.808176100628930669e+02
1.965408805031446491e+02
2.122641509433962028e+02
2.279874213836477850e+02
2.437106918238993387e+02
2.594339622641509209e+02
2.751572327044024746e+02
2.908805031446540852e+02
3.066037735849056389e+02
3.223270440251571927e+02
3.380503144654088032e+02
3.537735849056603570e+02
3.694968553459119107e+02
3.852201257861635213e+02
4.009433962264150750e+02
4.166666666666666288e+02
4.323899371069181825e+02
4.481132075471697931e+02
4.638364779874213468e+02
